bi-lstm_170_173

dev-clean
layer2: 0.2197161869048932
layer4: 0.12295503841770523
layer6: 0.0862284474835484
layer8: 0.06814087717363332
layer10: 0.06019999264732914
layer12: 0.05593544354986949

dev-other
layer2: 0.40127188505927613
layer4: 0.26786134882625423
layer6: 0.20942922195179398
layer8: 0.1768469812357698
layer10: 0.16100730156237733
layer12: 0.1524299285546047

test-clean
layer2: 0.21606816798539258
layer4: 0.12007379793061473
layer6: 0.08391661594643944
layer8: 0.06799680462568472
layer10: 0.05970404747413268
layer12: 0.05559570906877663

test-other
layer2: 0.41495519935808034
layer4: 0.27698068509638346
layer6: 0.2190741837494985
layer8: 0.18464742181380508
layer10: 0.16806449764056322
layer12: 0.15807271268364442

