bi-lstm_298_301

dev-clean
layer2: 0.18344913789934195
layer4: 0.1035991323848388
layer6: 0.0708797470681225
layer8: 0.05735083268997463
layer10: 0.05170765780669828
layer12: 0.04953861990368001

dev-other
layer2: 0.3553034466514878
layer4: 0.23561278165973149
layer6: 0.18422705503650783
layer8: 0.15829865745465965
layer10: 0.14610975896993011
layer12: 0.13925963727722385

test-clean
layer2: 0.1789599817407182
layer4: 0.10120587340231284
layer6: 0.0732273280584297
layer8: 0.058220480827754106
layer10: 0.05321819841752891
layer12: 0.05070754716981132

test-other
layer2: 0.3691802151195002
layer4: 0.2454387406147909
layer6: 0.1961484821275051
layer8: 0.16623044151080374
layer10: 0.15323921059167414
layer12: 0.14831018474294558

