bi-lstm_270_273

dev-clean
layer2: 0.18605933605382155
layer4: 0.10365427741627146
layer6: 0.07176206757104518
layer8: 0.0582147715157531
layer10: 0.0517995661924194
layer12: 0.04931803977794934

dev-other
layer2: 0.3582279971735888
layer4: 0.2388710057313339
layer6: 0.18691607128837245
layer8: 0.15823977388710056
layer10: 0.14618827039334223
layer12: 0.14057470361937663

test-clean
layer2: 0.18078590992087645
layer4: 0.10149117468046256
layer6: 0.07389303104077906
layer8: 0.058981284236153377
layer10: 0.053522519780888615
layer12: 0.05129716981132076

test-other
layer2: 0.37437670748715207
layer4: 0.2488202816040349
layer6: 0.19500219704640545
layer8: 0.1669373173108152
layer10: 0.15436639092142215
layer12: 0.14508148176451482

